ITCH message counts by type
  file:    data/12302019.NASDAQ_ITCH50.itch50
  window:  09:29:59.900 to 09:30:01.100 (end exclusive), 10 ms buckets
  scanned: 7247610 messages, file time 03:04:32.057 to 09:30:01.100 (stopped after window)

bucket             total        S        Y        A        F        E        C        X        D        U        P        Q        I
------------------------------------------------------------------------------------------------------------------------------------
09:29:59.900          16        0        0        6        1        0        0        0        4        5        0        0        0
09:29:59.910         361        0        0      137        7       13        0        2      123       77        2        0        0
09:29:59.920         726        0        0      227       23       12        0        9      247      202        6        0        0
09:29:59.930         557        0        0      172       13       13        0        2      176      174        7        0        0
09:29:59.940         327        0        0       94        9        1        0        8      105      109        1        0        0
09:29:59.950         190        0        0       61       11        1        0        5       68       42        2        0        0
09:29:59.960          52        0        0       20        6        0        0        1       20        5        0        0        0
09:29:59.970          92        0        0       28       11        0        0        7       27       19        0        0        0
09:29:59.980         532        0        0      137       27       11        0        2      128      214       13        0        0
09:29:59.990        4125        0        0     1142      175      110        0       12      385     1938      363        0        0
09:30:00.000        5127        1        0     1529     1539       51        4       85      873     1004       14       19        8
09:30:00.010        4676        0        0     1469     1762       10        0       36      637      742        5       11        4
09:30:00.020        3582        0        0     1230     1187       31        2       25      453      633       16        3        2
09:30:00.030        2387        0        0      987      767       18        0       10      269      329        1        5        1
09:30:00.040        1226        0        0      592      425       13        0        5       83      103        2        0        3
09:30:00.050        2738        0        0     1254      660       68        0       16      316      405       14        4        1
09:30:00.060       10131        0        0     4318     2760       23        3       23     1499     1480        4       13        8
09:30:00.070        6085        0        0     1916     2335        8        3        9      792      936        9       34       43
09:30:00.080        5430        0        0     1548     2504       11        3        5      607      585        5       75       87
09:30:00.090        5447        0        0     1450     2402        6        4       16      790      670        5       46       58
09:30:00.100        5975        0        0     1704     2568       23        7        9      814      671        5       81       93
09:30:00.110        5100        0        0     1308     2447       27        6        5      540      604        8       67       88
09:30:00.120        6318        0        0     1762     2941       19        8       14      761      611        5       83      114
09:30:00.130        5777        0        1     1635     2819       21       12        5      656      478        1       75       74
09:30:00.140        6235        0        0     1601     3191       21        5        6      775      485       10       73       68
09:30:00.150        6599        0        0     1990     3148       25        6        6      801      461       12       77       73
09:30:00.160        5866        0        0     1497     2922        6        5        4      725      509        4       87      107
09:30:00.170        5451        0        0     1434     2699       15        5        7      685      411        5       90      100
09:30:00.180        5807        0        0     1482     2944       14        7        6      689      482       11       77       95
09:30:00.190        5440        0        0     1433     2768        6        2        9      590      455       12       80       85
09:30:00.200        5487        0        1     1447     2437       21       10        7      820      552        3       88      101
09:30:00.210        5772        0        0     1477     2903       25        9        2      672      479        2       95      108
09:30:00.220        4325        0        0      970     2277       27        2        5      525      386       12       55       66
09:30:00.230        3296        0        0      714     1572       13        1        7      455      449        1       49       35
09:30:00.240        3231        0        1      761     1530        8        5        2      341      422       13       72       76
09:30:00.250        4307        0        0     1086     2046       13        9        6      462      445        9      104      127
09:30:00.260        5485        0        0     1391     2580       33       12        4      696      492       10      113      154
09:30:00.270        5287        0        0     1272     2599       30       19        5      606      485        3      115      153
09:30:00.280        5782        0        0     1148     3144       19       10        7      626      515       12      127      174
09:30:00.290        5128        0        0     1226     2431       34       14        7      685      483        1      107      140
09:30:00.300        5157        0        0     1242     2534       33       26        0      644      451        7       98      122
09:30:00.310        4985        0        0     1120     2723       16       10        1      515      342        7       98      153
09:30:00.320        4003        0        0     1080     1882       18       12        4      475      409        2       59       62
09:30:00.330        4676        0        0     1074     2478       42       14        2      492      386        3       90       95
09:30:00.340        5206        0        0     1193     2808        3       18       10      485      421        2      110      156
09:30:00.350        4543        0        0     1052     2295       26        6        2      501      488        1       68      104
09:30:00.360        5955        0        0     1558     2822       15        8        6      691      635       12       92      116
09:30:00.370        6457        0        0     1781     2962       20        6        4      631      855        2       85      111
09:30:00.380        7663        0        0     1925     3806        8       13        6      847      821        4      104      129
09:30:00.390        6885        0        0     1892     2826       13       14        2      912     1049        5       76       96
09:30:00.400        6438        0        0     1779     2750       17        5        1      891      794       13       89       99
09:30:00.410        6727        0        0     1906     2778       45        8        9      867      906        8       93      107
09:30:00.420        7444        0        0     2092     2934       18        6        2     1139     1081        7       76       89
09:30:00.430        4902        0        0     1441     1880       28        7        3      760      684       15       40       44
09:30:00.440        7246        0        0     2015     2832       35       13        1     1151     1002        4       84      109
09:30:00.450        7067        0        0     1922     2985       44        9        3      920      964       10       94      116
09:30:00.460        6705        0        0     1765     2969       22       11       14      865      806       10      106      137
09:30:00.470        6404        0        0     1864     2484       14       18        5     1034      841       10       59       75
09:30:00.480        5991        0        0     1676     2335       27        6        4      865      923        8       67       80
09:30:00.490        6408        0        0     1489     3103       23        7        2      868      696        5       96      119
09:30:00.500        5833        0        0     1869     2340       34       17       10      874      611        2       76        0
09:30:00.510        6565        0        0     1729     3004       42       12        4      862      785       16      111        0
09:30:00.520        6231        0        1     1604     2811       36        9        8      954      703        3      102        0
09:30:00.530        6985        0        0     1761     2917       20        4       11     1038     1107        0      127        0
09:30:00.540        6790        0        0     1695     3306       32       17        8      867      730        7      128        0
09:30:00.550        6381        0        0     1659     2971       43       22       14      841      705        2      124        0
09:30:00.560        4861        0        0     1429     1917       22        7        8      821      578        4       75        0
09:30:00.570        5517        0        0     1522     2514       40       18       29      822      471        5       96        0
09:30:00.580        5198        0        0     1427     2499       24       12        7      694      432        3      100        0
09:30:00.590        5903        0        0     1730     2508       50        8        6      959      519        7      116        0
09:30:00.600        6349        0        0     1723     3006       30       17       12      845      556       22      138        0
09:30:00.610        5488        0        0     1694     2054       45       18       10      991      559       22       95        0
09:30:00.620        4018        0        0     1055     1853       17        1       12      718      279       16       67        0
09:30:00.630        2557        0        0      706     1110       10        3        4      438      250        3       33        0
09:30:00.640        2495        0        0      767     1099       15        2        5      387      180        6       34        0
09:30:00.650        2157        0        0      669      665       80        0       13      469      230       29        2        0
09:30:00.660        3943        0        0     2393      751       32        3        8      464      269       11       12        0
09:30:00.670        2886        0        0      809     1210        7        2       14      489      316       10       29        0
09:30:00.680        1499        0        0      553      390        6        2       16      284      235        1       12        0
09:30:00.690        2021        0        0      830      405       25        4        3      393      324       25       12        0
09:30:00.700        2384        0        0      676      833        8        8        7      492      324        6       30        0
09:30:00.710        2488        0        0      503     1094        9        1        5      472      367        3       34        0
09:30:00.720        4869        0        1     1204     2683        8        5        1      521      312        8      126        0
09:30:00.730        5375        0        0     1558     2459       21       15        5      600      570       10      137        0
09:30:00.740        6127        0        1     1805     2673       45       17       10      700      719        3      154        0
09:30:00.750        5723        0        0     1563     2655       22       11        6      669      672        3      122        0
09:30:00.760        6055        0        0     1499     2980       22       17        6      770      609        0      152        0
09:30:00.770        2998        0        0      861      876       19        4        3      781      428        2       24        0
09:30:00.780        5804        0        0     1599     2589       24       12        2      797      639        2      140        0
09:30:00.790        6279        0        0     1551     3248       14       11        7      720      561       13      154        0
09:30:00.800        4980        0        0     1376     2140        8        9        8      686      654        0       99        0
09:30:00.810        5514        0        1     1569     2562       22       11        5      672      533        5      134        0
09:30:00.820        4611        0        0     1191     2201       34        3        4      480      599        5       94        0
09:30:00.830        4963        0        0     1301     2408       76        5        7      704      351        7      104        0
09:30:00.840        6258        0        0     1796     2935       40       12        1      669      658        2      145        0
09:30:00.850        6272        0        0     1630     2972       39       23        4      699      716       41      148        0
09:30:00.860        5334        0        0     1551     2339       28       12        0      693      589        2      120        0
09:30:00.870        6488        0        0     1678     3327       21       17        8      681      593        1      162        0
09:30:00.880        5354        0        0     1596     2318       15       11       12      761      514       20      107        0
09:30:00.890        6318        0        0     1854     2854       26       20       13      860      543       10      138        0
09:30:00.900        6306        0        0     1692     2896       18        7       15     1017      511       13      137        0
09:30:00.910        5099        0        0     1221     2638       21        7        0      740      366        1      105        0
09:30:00.920        4684        0        0     1460     2210       32        5        0      577      292       17       91        0
09:30:00.930        5586        0        0     1644     2695       29        9        3      704      368       10      124        0
09:30:00.940        5968        0        0     1640     2881       27        9        4      877      379        8      143        0
09:30:00.950        6102        0        0     1603     3157       14       13        6      702      449        1      157        0
09:30:00.960        3883        0        0     1108     1592       66       13        2      563      465        9       65        0
09:30:00.970        6226        0        0     1477     2974       30       10       12      763      814        0      146        0
09:30:00.980        5728        0        0     1483     2768       26        9        3      695      607        8      129        0
09:30:00.990        5832        0        0     1609     2848       17       12        0      696      510        2      138        0
09:30:01.000        7165        0        0     2323     2963       49       17       19     1157      492        8      137        0
09:30:01.010        6205        0        0     1677     2620       34       15        5     1162      563       17      112        0
09:30:01.020        1710        0        0      500      440       39        1        3      461      262        4        0        0
09:30:01.030        1453        0        0      472      370       14        0        6      366      222        3        0        0
09:30:01.040        1117        0        0      461      261       34        0        6      212      139        4        0        0
09:30:01.050        1082        0        0      423      204       11        0        1      267      174        2        0        0
09:30:01.060        1151        0        0      401      265       15        1        2      321      144        2        0        0
09:30:01.070        1024        0        0      347      217       11        0        4      262      181        2        0        0
09:30:01.080        1191        0        0      382      314       18        0        2      305      164        6        0        0
09:30:01.090        1148        0        0      426      230       15        0        4      297      176        0        0        0
------------------------------------------------------------------------------------------------------------------------------------
TOTAL             557868        1        7   155855   244795     2898      920      895    75860    62169     1197     8906     4365

Book-removal candidates in window:
  D  order delete      total     75860   peak bucket 09:30:00.060 (1499)
  E  order executed    total      2898   peak bucket 09:29:59.990 (110)
  C  executed w/ price total       920   peak bucket 09:30:00.300 (26)
  X  order cancel      total       895   peak bucket 09:30:00.000 (85)

  Most frequent: D (order delete)
  Q (cross trade) messages in window: 8906
